%YAML:1.0
---
K1: !!opencv-matrix
   rows: 3
   cols: 3
   dt: d
   data: [ 2.3948765846067178e+02, 0., 3.1932188022287301e+02, 0.,
       2.4066966041712570e+02, 2.3313431281694628e+02, 0., 0., 1. ]
K2: !!opencv-matrix
   rows: 3
   cols: 3
   dt: d
   data: [ 2.4199152366093728e+02, 0., 3.2130716584934027e+02, 0.,
       2.4129608090958263e+02, 2.4417208628249509e+02, 0., 0., 1. ]
D1: [ -3.4984296859390224e-02, -2.4918937266056478e-02,
    1.9656313636540412e-02, -6.0760047917519889e-03 ]
D2: [ -2.9802340321994296e-02, -2.2496515758095227e-02,
    9.1493268881300601e-03, -1.4269798422428986e-03 ]
R: !!opencv-matrix
   rows: 3
   cols: 3
   dt: d
   data: [ 9.9912746090316473e-01, 1.1750173168974146e-02,
       -4.0078052593586135e-02, -1.0751849033727414e-02,
       9.9962876098671227e-01, 2.5034734880290337e-02,
       4.0357336526969552e-02, -2.4581977924276369e-02,
       9.9888288189846330e-01 ]
T: [ -1.9306550694306218e-01, 5.6023424385503945e-03,
    8.3815176615447442e-05 ]
R1: !!opencv-matrix
   rows: 3
   cols: 3
   dt: d
   data: [ 9.9900133356676146e-01, -1.7238956519333923e-02,
       -4.1220794630338189e-02, 1.7737182311095719e-02,
       9.9977361921166630e-01, 1.1751710176344583e-02,
       4.1008875813596225e-02, -1.2471114887224858e-02,
       9.9908094937195890e-01 ]
R2: !!opencv-matrix
   rows: 3
   cols: 3
   dt: d
   data: [ 9.9957915429622346e-01, -2.9005619934253438e-02,
       -4.3394547625487737e-04, 2.8998233423058895e-02,
       9.9950595768192130e-01, -1.2122005472983987e-02,
       7.8533737241618870e-04, 1.2104320326846215e-02,
       9.9992643163116590e-01 ]
P1: !!opencv-matrix
   rows: 3
   cols: 4
   dt: d
   data: [ 1.4288890799544291e+02, 0., -2.5593423928088825e+02, 0., 0.,
       1.4288890799544291e+02, 1.3627947390587241e+02, 0., 0., 0., 1.,
       0. ]
P2: !!opencv-matrix
   rows: 3
   cols: 4
   dt: d
   data: [ 1.4288890799544291e+02, 0., -2.5593423928088825e+02,
       -2.7598534183222295e+01, 0., 1.4288890799544291e+02,
       1.3627947390587241e+02, 0., 0., 0., 1., 0. ]
Q: !!opencv-matrix
   rows: 4
   cols: 4
   dt: d
   data: [ 1., 0., 0., 2.5593423928088825e+02, 0., 1., 0.,
       -1.3627947390587241e+02, 0., 0., 0., 1.4288890799544291e+02, 0.,
       0., 5.1774093162639030e+00, 0. ]
