%YAML:1.0
---
K1: !!opencv-matrix
   rows: 3
   cols: 3
   dt: d
   data: [ 2.4551847450633673e+02, 0., 3.1758984324548624e+02, 0.,
       2.4528840236488745e+02, 2.4570856941324499e+02, 0., 0., 1. ]
K2: !!opencv-matrix
   rows: 3
   cols: 3
   dt: d
   data: [ 2.4417572179687645e+02, 0., 3.1136122832827959e+02, 0.,
       2.4516275056122115e+02, 2.2945815905979796e+02, 0., 0., 1. ]
D1: [ -6.9750466633513045e-02, 4.4240959676861924e-02,
    -3.3872908192340748e-02, 7.2716802396759353e-03 ]
D2: [ -1.0065896603607674e-01, 1.2933829620836118e-01,
    -1.0536616962509006e-01, 2.6713561761693611e-02 ]
R: !!opencv-matrix
   rows: 3
   cols: 3
   dt: d
   data: [ 9.9937900589902828e-01, -2.4625738303902366e-03,
       3.5150224727585611e-02, 2.3117691515515057e-03,
       9.9998795209097258e-01, 4.3302882459157225e-03,
       -3.5160464895388238e-02, -4.2463399572641612e-03,
       9.9937265837389577e-01 ]
T: [ -2.0093163126574401e-01, 2.7440673476001576e-03,
    4.5065559769182769e-03 ]
R1: !!opencv-matrix
   rows: 3
   cols: 3
   dt: d
   data: [ 9.9979138821323055e-01, -1.6018371018786035e-02,
       1.2672483756778975e-02, 1.5989464226198968e-02,
       9.9986932989205313e-01, 2.3791122243482917e-03,
       -1.2708937344263458e-02, -2.1759896878101336e-03,
       9.9991687053497502e-01 ]
R2: !!opencv-matrix
   rows: 3
   cols: 3
   dt: d
   data: [ 9.9965541073213182e-01, -1.3652015634193014e-02,
       -2.2420576778855162e-02, 1.3600909146973369e-02,
       9.9990454974917597e-01, -2.4303623749670268e-03,
       2.2451616074317799e-02, 2.1245846703836389e-03,
       9.9974567319675345e-01 ]
P1: !!opencv-matrix
   rows: 3
   cols: 4
   dt: d
   data: [ 1.3108145151071577e+02, 0., 1.7805859291912697e+02, 0., 0.,
       1.3108145151071577e+02, 2.3103237223944132e+02, 0., 0., 0., 1.,
       0. ]
P2: !!opencv-matrix
   rows: 3
   cols: 4
   dt: d
   data: [ 1.3108145151071577e+02, 0., 1.7805859291912697e+02,
       -2.6347488942654554e+01, 0., 1.3108145151071577e+02,
       2.3103237223944132e+02, 0., 0., 0., 1., 0. ]
Q: !!opencv-matrix
   rows: 4
   cols: 4
   dt: d
   data: [ 1., 0., 0., -1.7805859291912697e+02, 0., 1., 0.,
       -2.3103237223944132e+02, 0., 0., 0., 1.3108145151071577e+02, 0.,
       0., 4.9751022496305142e+00, 0. ]
