%YAML:1.0
---
K1: !!opencv-matrix
   rows: 3
   cols: 3
   dt: d
   data: [ 2.4224009978113290e+02, 0., 3.2267396852200415e+02, 0.,
       2.4287510302899292e+02, 2.3255465933787295e+02, 0., 0., 1. ]
K2: !!opencv-matrix
   rows: 3
   cols: 3
   dt: d
   data: [ 2.4289558917065332e+02, 0., 3.2116390306076067e+02, 0.,
       2.4209522936319289e+02, 2.4478012602035969e+02, 0., 0., 1. ]
D1: [ -7.8348833749790972e-02, 6.9237288818925519e-02,
    -6.1395184100381216e-02, 1.6720561463030515e-02 ]
D2: [ -7.6233578136898836e-02, 4.7670835977754109e-02,
    -3.0066963434486810e-02, 5.4743448836799156e-03 ]
R: !!opencv-matrix
   rows: 3
   cols: 3
   dt: d
   data: [ 9.9986384699590625e-01, 1.5768252941868784e-02,
       -4.8630926073967885e-03, -1.5479811922563921e-02,
       9.9839202993056397e-01, 5.4531917204237355e-02,
       5.7151459639206773e-03, -5.4449212760966488e-02,
       9.9850018544631325e-01 ]
T: [ -2.1616924120757722e-01, 4.8864404988403177e-03,
    -6.3828814708417536e-03 ]
R1: !!opencv-matrix
   rows: 3
   cols: 3
   dt: d
   data: [ 9.9969155282552835e-01, -8.4020255641462406e-03,
       2.3371032833474810e-02, 7.7599711435184385e-03,
       9.9959364592419875e-01, 2.7428559492238623e-02,
       -2.3591991377068737e-02, -2.7238740690181423e-02,
       9.9935052356441856e-01 ]
R2: !!opencv-matrix
   rows: 3
   cols: 3
   dt: d
   data: [ 9.9930930105612492e-01, -2.2589085349377650e-02,
       2.9506847439157553e-02, 2.3387372423253443e-02,
       9.9936193830139053e-01, -2.6995315994145341e-02,
       -2.8878220752934745e-02, 2.7666757987994315e-02,
       9.9919997941782335e-01 ]
P1: !!opencv-matrix
   rows: 3
   cols: 4
   dt: d
   data: [ 1.3353095944880533e+02, 0., -6.0275085533976699e+02, 0., 0.,
       1.3353095944880533e+02, 2.4392387225797751e+02, 0., 0., 0., 1.,
       0. ]
P2: !!opencv-matrix
   rows: 3
   cols: 4
   dt: d
   data: [ 1.3353095944880533e+02, 0., -6.0275085533976699e+02,
       -2.8885237184584991e+01, 0., 1.3353095944880533e+02,
       2.4392387225797751e+02, 0., 0., 0., 1., 0. ]
Q: !!opencv-matrix
   rows: 4
   cols: 4
   dt: d
   data: [ 1., 0., 0., 6.0275085533976699e+02, 0., 1., 0.,
       -2.4392387225797751e+02, 0., 0., 0., 1.3353095944880533e+02, 0.,
       0., 4.6228098663515906e+00, 0. ]
