%YAML:1.0
---
K1: !!opencv-matrix
   rows: 3
   cols: 3
   dt: d
   data: [ 2.4551847002279590e+02, 0., 3.1758984212479515e+02, 0.,
       2.4528840323564134e+02, 2.4570857003861161e+02, 0., 0., 1. ]
K2: !!opencv-matrix
   rows: 3
   cols: 3
   dt: d
   data: [ 2.4417571595734208e+02, 0., 3.1136122301350991e+02, 0.,
       2.4516275306888292e+02, 2.2945815940273204e+02, 0., 0., 1. ]
D1: [ -6.9750398920778514e-02, 4.4240839943916116e-02,
    -3.3872818627056551e-02, 7.2716563774104055e-03 ]
D2: [ -1.0065888662468712e-01, 1.2933819537435379e-01,
    -1.0536611742310910e-01, 2.6713552035192819e-02 ]
R: !!opencv-matrix
   rows: 3
   cols: 3
   dt: d
   data: [ 9.9937900528599044e-01, -2.4625742786297698e-03,
       3.5150242125858669e-02, 2.3117694877106175e-03,
       9.9998795208547120e-01, 4.3302893368866195e-03,
       -3.5160482297885917e-02, -4.2463409928660744e-03,
       9.9937265775723139e-01 ]
T: [ -1.3395442403839719e-01, 1.8293782789265021e-03,
    3.0043757664909602e-03 ]
R1: !!opencv-matrix
   rows: 3
   cols: 3
   dt: d
   data: [ 9.9979138846524851e-01, -1.6018371296826924e-02,
       1.2672463522429681e-02, 1.5989464542508068e-02,
       9.9986932988591082e-01, 2.3791126799196159e-03,
       -1.2708917120439353e-02, -2.1759904634139908e-03,
       9.9991687079033165e-01 ]
R2: !!opencv-matrix
   rows: 3
   cols: 3
   dt: d
   data: [ 9.9965540988818502e-01, -1.3652015649265912e-02,
       -2.2420614398287377e-02, 1.3600909062523731e-02,
       9.9990454974820764e-01, -2.4303632459677332e-03,
       2.2451653702065071e-02, 2.1245850292680420e-03,
       9.9974567235097145e-01 ]
P1: !!opencv-matrix
   rows: 3
   cols: 4
   dt: d
   data: [ 1.3108146470572891e+02, 0., 1.7805797066978170e+02, 0., 0.,
       1.3108146470572891e+02, 2.3103239669100287e+02, 0., 0., 0., 1.,
       0. ]
P2: !!opencv-matrix
   rows: 3
   cols: 4
   dt: d
   data: [ 1.3108146470572891e+02, 0., 1.7805797066978170e+02,
       -1.7564994830298001e+01, 0., 1.3108146470572891e+02,
       2.3103239669100287e+02, 0., 0., 0., 1., 0. ]
Q: !!opencv-matrix
   rows: 4
   cols: 4
   dt: d
   data: [ 1., 0., 0., -1.7805797066978170e+02, 0., 1., 0.,
       -2.3103239669100287e+02, 0., 0., 0., 1.3108146470572891e+02, 0.,
       0., 7.4626531901748940e+00, 0. ]
