%YAML:1.0
---
K1: !!opencv-matrix
   rows: 3
   cols: 3
   dt: d
   data: [ 2.4464161070045978e+02, 0., 3.1105889789044659e+02, 0.,
       2.4579989853215554e+02, 2.3059429156833053e+02, 0., 0., 1. ]
K2: !!opencv-matrix
   rows: 3
   cols: 3
   dt: d
   data: [ 2.4943744817798549e+02, 0., 3.1738498040452708e+02, 0.,
       2.4999916016349695e+02, 2.4532561226380568e+02, 0., 0., 1. ]
D1: [ -5.8147756706420833e-02, 7.6034457731431637e-02,
    -1.2297503762734054e-01, 5.5953038401716955e-02 ]
D2: [ -9.5978419572095186e-02, 6.9593207079945665e-02,
    -4.5270782772696597e-02, 1.1216026055798011e-02 ]
R: !!opencv-matrix
   rows: 3
   cols: 3
   dt: d
   data: [ 9.9914501250842247e-01, 2.1486984210476283e-03,
       -4.1287129648835234e-02, -1.7401171961090292e-03,
       9.9994918739589556e-01, 9.9294822841849567e-03,
       4.1306367205167623e-02, -9.8491482567542206e-03,
       9.9909798233553071e-01 ]
T: [ 1.3419522134229242e-01, -2.3425258971175806e-03,
    1.7259712287945221e-03 ]
R1: !!opencv-matrix
   rows: 3
   cols: 3
   dt: d
   data: [ 9.9947173901916631e-01, -1.5429569419136853e-02,
       -2.8603693634628165e-02, 1.5565899504724753e-02,
       9.9986849315687809e-01, 4.5496334800438883e-03,
       2.8529733167564686e-02, -4.9924723067798459e-03,
       9.9958047677295780e-01 ]
R2: !!opencv-matrix
   rows: 3
   cols: 3
   dt: d
   data: [ 9.9976501410019969e-01, -1.7452003231834073e-02,
       1.2858622182161272e-02, 1.7513165400509362e-02,
       9.9983577625061737e-01, -4.6593526352610125e-03,
       -1.2775195453765792e-02, 4.8834529301883759e-03,
       9.9990646876025191e-01 ]
P1: !!opencv-matrix
   rows: 3
   cols: 4
   dt: d
   data: [ 1.3338534442017340e+02, 0., 2.8074046564688410e+03, 0., 0.,
       1.3338534442017340e+02, 2.2962650813031775e+02, 0., 0., 0., 1.,
       0. ]
P2: !!opencv-matrix
   rows: 3
   cols: 4
   dt: d
   data: [ 1.3338534442017340e+02, 0., 2.8074046564688410e+03,
       1.7903882978334661e+01, 0., 1.3338534442017340e+02,
       2.2962650813031775e+02, 0., 0., 0., 1., 0. ]
Q: !!opencv-matrix
   rows: 4
   cols: 4
   dt: d
   data: [ 1., 0., 0., -2.8074046564688410e+03, 0., 1., 0.,
       -2.2962650813031775e+02, 0., 0., 0., 1.3338534442017340e+02, 0.,
       0., -7.4500791019234143e+00, 0. ]
