%YAML:1.0
---
K1: !!opencv-matrix
   rows: 3
   cols: 3
   dt: d
   data: [ 2.4221483444320199e+02, 0., 3.1954688623157796e+02, 0.,
       2.4156583324825309e+02, 2.3508792435253392e+02, 0., 0., 1. ]
K2: !!opencv-matrix
   rows: 3
   cols: 3
   dt: d
   data: [ 2.4043155379680616e+02, 0., 3.1873364510103818e+02, 0.,
       2.4026875658259723e+02, 2.4718622854355613e+02, 0., 0., 1. ]
D1: [ -4.3009095409922656e-02, 1.4792865457692280e-02,
    -2.3100690906778267e-02, 7.4830132529973628e-03 ]
D2: [ -5.6332142757491918e-02, 2.8440928260015846e-02,
    -2.5312516659059731e-02, 6.0247175551797595e-03 ]
R: !!opencv-matrix
   rows: 3
   cols: 3
   dt: d
   data: [ 9.9521982075802140e-01, 1.1890465671697213e-02,
       9.6933612315243889e-02, -1.6430231617710785e-02,
       9.9879842505989325e-01, 4.6170917110938660e-02,
       -9.6268145610893474e-02, -4.7542853553262675e-02,
       9.9421935266652939e-01 ]
T: [ -2.1661149883667608e-01, 6.8218990960594505e-03,
    3.5709178886603079e-03 ]
R1: !!opencv-matrix
   rows: 3
   cols: 3
   dt: d
   data: [ 9.9669476120806155e-01, -1.8769783254282559e-02,
       7.9039535784267478e-02, 1.6852303390805169e-02,
       9.9954895387816611e-01, 2.4857366543703553e-02,
       -7.9470452690478005e-02, -2.3443208774632990e-02,
       9.9656151998334730e-01 ]
R2: !!opencv-matrix
   rows: 3
   cols: 3
   dt: d
   data: [ 9.9936878785578465e-01, -3.1473827876717896e-02,
       -1.6474951242610246e-02, 3.1066363214951400e-02,
       9.9921872106605880e-01, -2.4430074656176005e-02,
       1.7230987675010540e-02, 2.3902837277117395e-02,
       9.9956577944317770e-01 ]
P1: !!opencv-matrix
   rows: 3
   cols: 4
   dt: d
   data: [ 1.4821273524056617e+00, 0., 2.0563897192901661e+02, 0., 0.,
       1.4821273524056617e+00, 1.3495565876266031e+02, 0., 0., 0., 1.,
       0. ]
P2: !!opencv-matrix
   rows: 3
   cols: 4
   dt: d
   data: [ 1.4821273524056617e+00, 0., 2.0563897192901661e+02,
       -3.2124860329113436e-01, 0., 1.4821273524056617e+00,
       1.3495565876266031e+02, 0., 0., 0., 1., 0. ]
Q: !!opencv-matrix
   rows: 4
   cols: 4
   dt: d
   data: [ 1., 0., 0., -2.0563897192901661e+02, 0., 1., 0.,
       -1.3495565876266031e+02, 0., 0., 0., 1.4821273524056617e+00, 0.,
       0., 4.6136460586023809e+00, 0. ]
