%YAML:1.0
---
K1: !!opencv-matrix
   rows: 3
   cols: 3
   dt: d
   data: [ 3.5824290039636008e+02, 0., 6.3661636081698089e+02, 0.,
       3.6136612587698477e+02, 3.6185108804248569e+02, 0., 0., 1. ]
K2: !!opencv-matrix
   rows: 3
   cols: 3
   dt: d
   data: [ 3.6811215033358292e+02, 0., 6.4840082674058158e+02, 0.,
       3.7159760100932147e+02, 3.7194669354507022e+02, 0., 0., 1. ]
D1: [ -4.7741981321763320e-02, 3.4300825767864022e-02,
    -3.6982886242346802e-02, 1.0053396009990051e-02 ]
D2: [ -1.2227302602795821e-02, -8.5566941956990897e-02,
    6.1353068853578517e-02, -1.4628067209342057e-02 ]
R: !!opencv-matrix
   rows: 3
   cols: 3
   dt: d
   data: [ 9.9808185560095997e-01, 3.2354929358197463e-03,
       6.1823467272605070e-02, -7.7286129512322745e-03,
       9.9733291057719009e-01, 7.2576401271216617e-02,
       -6.1423758123340638e-02, -7.2914998903468892e-02,
       9.9544488791339547e-01 ]
T: [ -2.1867629058868668e-01, 1.0752657999135764e-02,
    4.9002732869906172e-03 ]
R1: !!opencv-matrix
   rows: 3
   cols: 3
   dt: d
   data: [ 9.9838174244210443e-01, -4.4106652419689051e-02,
       3.5895676210320172e-02, 4.2742912030352076e-02,
       9.9836654234234479e-01, 3.7911615667983380e-02,
       -3.7509196598074286e-02, -3.6315979178868911e-02,
       9.9863617490397716e-01 ]
R2: !!opencv-matrix
   rows: 3
   cols: 3
   dt: d
   data: [ 9.9854319049582541e-01, -4.9099943097914878e-02,
       -2.2376154767947225e-02, 4.8234960378650917e-02,
       9.9812495470524476e-01, -3.7682401620958976e-02,
       2.4184402239616726e-02, 3.6548192601478943e-02,
       9.9903921059479817e-01 ]
P1: !!opencv-matrix
   rows: 3
   cols: 4
   dt: d
   data: [ 2.1636350289536696e+02, 0., -1.1387149300124938e+03, 0., 0.,
       2.1636350289536696e+02, 9.5874450610932968e+01, 0., 0., 0., 1.,
       0. ]
P2: !!opencv-matrix
   rows: 3
   cols: 4
   dt: d
   data: [ 2.1636350289536696e+02, 0., -1.1387149300124938e+03,
       -4.7382595647605299e+01, 0., 2.1636350289536696e+02,
       9.5874450610932968e+01, 0., 0., 0., 1., 0. ]
Q: !!opencv-matrix
   rows: 4
   cols: 4
   dt: d
   data: [ 1., 0., 0., 1.1387149300124938e+03, 0., 1., 0.,
       -9.5874450610932968e+01, 0., 0., 0., 2.1636350289536696e+02, 0.,
       0., 4.5663075215319466e+00, 0. ]
