image_width: 980
image_height: 724
camera_name: left
camera_matrix:
  rows: 3
  cols: 3
  data: [569.3361127901453, 0, 498.9358353624055, 0, 572.194037267646, 306.0566499450209, 0, 0, 1]
distortion_model: plumb_bob
distortion_coefficients:
  rows: 1
  cols: 5
  data: [-0.3084890665326115, 0.07578400277249106, 0.00749723335871979, -0.004923152921991324, 0]
rectification_matrix:
  rows: 3
  cols: 3
  data: [0.9918479894682432, 0.04141408423404536, 0.1205090843665294, -0.04108056606537291, 0.9991420354049858, -0.005251683399694959, -0.1206231854974508, 0.0002582902195143917, 0.992698333033057]
projection_matrix:
  rows: 3
  cols: 4
  data: [590.4797782391162, 0, 415.828685760498, 0, 0, 590.4797782391162, 353.4457607269287, 0, 0, 0, 1, 0]