image_width: 980
image_height: 724
camera_name: left
camera_matrix:
  rows: 3
  cols: 3
  data: [529.1606275082503, 0, 504.3870370052509, 0, 534.6970222272213, 356.076961510956, 0, 0, 1]
distortion_model: plumb_bob
distortion_coefficients:
  rows: 1
  cols: 5
  data: [-0.3042958659080827, 0.07241156088226156, 0.007623029194511654, -0.0007684933326513, 0]
rectification_matrix:
  rows: 3
  cols: 3
  data: [0.998597418546544, 0.02293534308936883, 0.04771965747520945, -0.02182779515180883, 0.9994830987702464, -0.02360259798065766, -0.04823632480806393, 0.02252787850639325, 0.9985818702835598]
projection_matrix:
  rows: 3
  cols: 4
  data: [494.9938994285978, 0, 483.4217567443848, 0, 0, 494.9938994285978, 359.7321872711182, 0, 0, 0, 1, 0]