image_width: 980
image_height: 724
camera_name: right
camera_matrix:
  rows: 3
  cols: 3
  data: [522.3866979695736, 0, 461.6587610937784, 0, 528.715032462422, 340.4042482017269, 0, 0, 1]
distortion_model: plumb_bob
distortion_coefficients:
  rows: 1
  cols: 5
  data: [-0.3089140534977788, 0.08257380676002381, 0.002689627107662222, 0.005999129517202517, 0]
rectification_matrix:
  rows: 3
  cols: 3
  data: [0.9990729541325286, -0.02222857200893247, -0.03686628415430505, 0.02307347664173564, 0.9994770876532524, 0.02265316604442124, 0.03634345878649332, -0.02348279886675657, 0.9990634169865384]
projection_matrix:
  rows: 3
  cols: 4
  data: [494.9938994285978, 0, 483.4217567443848, -65.57132925462916, 0, 494.9938994285978, 359.7321872711182, 0, 0, 0, 1, 0]