image_width: 980
image_height: 724
camera_name: right
camera_matrix:
  rows: 3
  cols: 3
  data: [543.6994504798151, 0, 424.4502676831279, 0, 557.9291481194634, 371.7773535191038, 0, 0, 1]
distortion_model: plumb_bob
distortion_coefficients:
  rows: 1
  cols: 5
  data: [-0.3387413564904856, 0.1017387324480893, 0.001647982564723801, 0.006303224889056696, 0]
rectification_matrix:
  rows: 3
  cols: 3
  data: [0.9998378548201377, 0.01790734744784737, -0.001894987083663431, -0.01790204765722082, 0.9998358870861279, 0.002777694074976016, 0.001944417224715812, -0.002743319536189059, 0.9999943467038095]
projection_matrix:
  rows: 3
  cols: 4
  data: [590.4797782391162, 0, 415.828685760498, -84.64372295226946, 0, 590.4797782391162, 353.4457607269287, 0, 0, 0, 1, 0]